          99
   97.8241959    
   73.2250748    
   33.5375290    
   46.9456024    
   44.9803429    
   62.6387939    
   56.6449699    
   63.5178757    
   90.3918076    
   11.1044998    
   35.8771667    
   43.2420502    
   89.9597702    
   28.8790817    
   11.3433599    
   59.4964561    
   61.6812057    
   45.8481598    
   1.14439130    
   19.2563286    
   92.7286224    
   34.9418526    
   78.1183243    
   15.6368437    
   85.9303207    
   10.2191334    
   24.1299686    
   98.9352417    
   6.28885651    
   71.6181335    
   58.1099586    
   93.6579285    
   44.7678032    
   72.5474091    
   59.5264740    
   41.8738289    
   21.3793583    
   49.8923492    
   6.54129410    
   12.2384253    
   52.9312439    
   18.8880138    
   71.8994904    
   79.3162079    
   49.5598717    
   44.1815567    
   20.5222969    
   18.3960190    
   95.2658997    
   27.6702461    
   35.0118217    
   84.0980301    
   95.1573563    
   62.4903259    
   84.0194092    
   37.0220261    
   64.6949768    
   23.0241470    
   48.9547920    
   55.3601570    
   88.5618362    
   34.0166931    
   18.3867283    
   76.7207870    
   69.0666656    
   35.9649467    
   37.1899414    
   27.1611805    
   68.8612518    
   68.1407013    
   71.3832321    
   56.5297966    
   99.4367828    
   60.7697411    
   21.5474663    
   36.5546455    
   31.9152470    
   21.8949375    
   13.7543736    
   49.0092773    
   53.1536026    
   14.7287846    
   50.2132874    
   92.0342178    
   33.4881248    
   56.8474655    
   18.0182819    
   22.5263119    
   46.6812744    
   45.8623238    
   58.9993782    
   41.5802650    
   91.5240860    
   34.3331680    
   62.9392738    
   67.0315018    
   39.4110031    
  0.544124842    
   37.1421700    
